499     ! number of entries nq
0.01    ! delta q

%q, LAA, LAB, LBB

0.010000 0.249996 0.249988 0.249996
0.020000 0.249983 0.249950 0.249983
0.030000 0.249963 0.249888 0.249963
0.040000 0.249933 0.249800 0.249933
0.050000 0.249896 0.249688 0.249896
0.060000 0.249850 0.249550 0.249850
0.070000 0.249796 0.249388 0.249796
0.080000 0.249734 0.249201 0.249734
0.090000 0.249663 0.248990 0.249663
0.100000 0.249584 0.248754 0.249584
0.110000 0.249497 0.248493 0.249497
0.120000 0.249401 0.248208 0.249401
0.130000 0.249297 0.247898 0.249297
0.140000 0.249185 0.247564 0.249185
0.150000 0.249065 0.247206 0.249065
0.160000 0.248937 0.246824 0.248937
0.170000 0.248800 0.246418 0.248800
0.180000 0.248655 0.245988 0.248655
0.190000 0.248503 0.245535 0.248503
0.200000 0.248342 0.245058 0.248342
0.210000 0.248173 0.244558 0.248173
0.220000 0.247995 0.244035 0.247995
0.230000 0.247810 0.243488 0.247810
0.240000 0.247617 0.242919 0.247617
0.250000 0.247416 0.242328 0.247416
0.260000 0.247207 0.241714 0.247207
0.270000 0.246990 0.241078 0.246990
0.280000 0.246765 0.240420 0.246765
0.290000 0.246532 0.239741 0.246532
0.300000 0.246292 0.239040 0.246292
0.310000 0.246043 0.238317 0.246043
0.320000 0.245787 0.237574 0.245787
0.330000 0.245524 0.236810 0.245524
0.340000 0.245252 0.236025 0.245252
0.350000 0.244973 0.235221 0.244973
0.360000 0.244686 0.234396 0.244686
0.370000 0.244392 0.233551 0.244392
0.380000 0.244090 0.232687 0.244090
0.390000 0.243781 0.231804 0.243781
0.400000 0.243465 0.230902 0.243465
0.410000 0.243141 0.229982 0.243141
0.420000 0.242809 0.229043 0.242809
0.430000 0.242471 0.228086 0.242471
0.440000 0.242125 0.227112 0.242125
0.450000 0.241772 0.226120 0.241772
0.460000 0.241412 0.225111 0.241412
0.470000 0.241044 0.224085 0.241044
0.480000 0.240670 0.223043 0.240670
0.490000 0.240289 0.221985 0.240289
0.500000 0.239901 0.220912 0.239901
0.510000 0.239506 0.219822 0.239506
0.520000 0.239104 0.218718 0.239104
0.530000 0.238696 0.217599 0.238696
0.540000 0.238280 0.216466 0.238280
0.550000 0.237858 0.215318 0.237858
0.560000 0.237430 0.214157 0.237430
0.570000 0.236995 0.212982 0.236995
0.580000 0.236553 0.211795 0.236553
0.590000 0.236106 0.210595 0.236106
0.600000 0.235651 0.209382 0.235651
0.610000 0.235191 0.208157 0.235191
0.620000 0.234724 0.206921 0.234724
0.630000 0.234251 0.205674 0.234251
0.640000 0.233773 0.204416 0.233773
0.650000 0.233288 0.203147 0.233288
0.660000 0.232797 0.201868 0.232797
0.670000 0.232300 0.200579 0.232300
0.680000 0.231797 0.199281 0.231797
0.690000 0.231289 0.197973 0.231289
0.700000 0.230775 0.196657 0.230775
0.710000 0.230255 0.195332 0.230255
0.720000 0.229730 0.194000 0.229730
0.730000 0.229199 0.192659 0.229199
0.740000 0.228663 0.191312 0.228663
0.750000 0.228122 0.189957 0.228122
0.760000 0.227575 0.188596 0.227575
0.770000 0.227023 0.187228 0.227023
0.780000 0.226466 0.185855 0.226466
0.790000 0.225904 0.184476 0.225904
0.800000 0.225337 0.183092 0.225337
0.810000 0.224765 0.181703 0.224765
0.820000 0.224188 0.180309 0.224188
0.830000 0.223607 0.178911 0.223607
0.840000 0.223020 0.177509 0.223020
0.850000 0.222429 0.176104 0.222429
0.860000 0.221834 0.174695 0.221834
0.870000 0.221234 0.173284 0.221234
0.880000 0.220630 0.171870 0.220630
0.890000 0.220021 0.170454 0.220021
0.900000 0.219408 0.169036 0.219408
0.910000 0.218791 0.167616 0.218791
0.920000 0.218170 0.166195 0.218170
0.930000 0.217544 0.164773 0.217544
0.940000 0.216915 0.163351 0.216915
0.950000 0.216282 0.161928 0.216282
0.960000 0.215645 0.160505 0.215645
0.970000 0.215005 0.159082 0.215005
0.980000 0.214360 0.157660 0.214360
0.990000 0.213713 0.156238 0.213713
1.000000 0.213061 0.154818 0.213061
1.010000 0.212407 0.153399 0.212407
1.020000 0.211748 0.151982 0.211748
1.030000 0.211087 0.150566 0.211087
1.040000 0.210422 0.149153 0.210422
1.050000 0.209755 0.147742 0.209755
1.060000 0.209084 0.146334 0.209084
1.070000 0.208410 0.144929 0.208410
1.080000 0.207733 0.143527 0.207733
1.090000 0.207054 0.142129 0.207054
1.100000 0.206372 0.140734 0.206372
1.110000 0.205687 0.139343 0.205687
1.120000 0.204999 0.137956 0.204999
1.130000 0.204309 0.136574 0.204309
1.140000 0.203617 0.135196 0.203617
1.150000 0.202922 0.133823 0.202922
1.160000 0.202224 0.132455 0.202224
1.170000 0.201525 0.131092 0.201525
1.180000 0.200823 0.129735 0.200823
1.190000 0.200120 0.128383 0.200120
1.200000 0.199414 0.127037 0.199414
1.210000 0.198706 0.125697 0.198706
1.220000 0.197996 0.124363 0.197996
1.230000 0.197285 0.123035 0.197285
1.240000 0.196572 0.121714 0.196572
1.250000 0.195857 0.120400 0.195857
1.260000 0.195141 0.119092 0.195141
1.270000 0.194423 0.117792 0.194423
1.280000 0.193703 0.116498 0.193703
1.290000 0.192982 0.115212 0.192982
1.300000 0.192260 0.113933 0.192260
1.310000 0.191537 0.112662 0.191537
1.320000 0.190812 0.111399 0.190812
1.330000 0.190087 0.110143 0.190087
1.340000 0.189360 0.108895 0.189360
1.350000 0.188632 0.107656 0.188632
1.360000 0.187903 0.106424 0.187903
1.370000 0.187174 0.105201 0.187174
1.380000 0.186444 0.103986 0.186444
1.390000 0.185713 0.102780 0.185713
1.400000 0.184981 0.101582 0.184981
1.410000 0.184248 0.100393 0.184248
1.420000 0.183516 0.099212 0.183516
1.430000 0.182782 0.098041 0.182782
1.440000 0.182048 0.096878 0.182048
1.450000 0.181314 0.095724 0.181314
1.460000 0.180580 0.094580 0.180580
1.470000 0.179845 0.093444 0.179845
1.480000 0.179110 0.092318 0.179110
1.490000 0.178375 0.091201 0.178375
1.500000 0.177640 0.090093 0.177640
1.510000 0.176905 0.088994 0.176905
1.520000 0.176171 0.087905 0.176171
1.530000 0.175436 0.086825 0.175436
1.540000 0.174701 0.085755 0.174701
1.550000 0.173967 0.084694 0.173967
1.560000 0.173232 0.083643 0.173232
1.570000 0.172499 0.082601 0.172499
1.580000 0.171765 0.081569 0.171765
1.590000 0.171032 0.080546 0.171032
1.600000 0.170299 0.079533 0.170299
1.610000 0.169567 0.078530 0.169567
1.620000 0.168836 0.077536 0.168836
1.630000 0.168105 0.076552 0.168105
1.640000 0.167375 0.075578 0.167375
1.650000 0.166646 0.074613 0.166646
1.660000 0.165917 0.073657 0.165917
1.670000 0.165190 0.072712 0.165190
1.680000 0.164463 0.071776 0.164463
1.690000 0.163737 0.070849 0.163737
1.700000 0.163012 0.069933 0.163012
1.710000 0.162288 0.069025 0.162288
1.720000 0.161565 0.068128 0.161565
1.730000 0.160843 0.067239 0.160843
1.740000 0.160123 0.066361 0.160123
1.750000 0.159403 0.065492 0.159403
1.760000 0.158685 0.064632 0.158685
1.770000 0.157968 0.063782 0.157968
1.780000 0.157253 0.062941 0.157253
1.790000 0.156539 0.062109 0.156539
1.800000 0.155826 0.061287 0.155826
1.810000 0.155114 0.060474 0.155114
1.820000 0.154405 0.059670 0.154405
1.830000 0.153696 0.058876 0.153696
1.840000 0.152989 0.058091 0.152989
1.850000 0.152284 0.057314 0.152284
1.860000 0.151580 0.056547 0.151580
1.870000 0.150878 0.055789 0.150878
1.880000 0.150178 0.055040 0.150178
1.890000 0.149479 0.054299 0.149479
1.900000 0.148783 0.053568 0.148783
1.910000 0.148087 0.052845 0.148087
1.920000 0.147394 0.052131 0.147394
1.930000 0.146703 0.051426 0.146703
1.940000 0.146013 0.050730 0.146013
1.950000 0.145326 0.050042 0.145326
1.960000 0.144640 0.049362 0.144640
1.970000 0.143956 0.048691 0.143956
1.980000 0.143274 0.048028 0.143274
1.990000 0.142595 0.047374 0.142595
2.000000 0.141917 0.046728 0.141917
2.010000 0.141241 0.046090 0.141241
2.020000 0.140568 0.045460 0.140568
2.030000 0.139896 0.044838 0.139896
2.040000 0.139227 0.044225 0.139227
2.050000 0.138560 0.043619 0.138560
2.060000 0.137895 0.043021 0.137895
2.070000 0.137232 0.042431 0.137232
2.080000 0.136572 0.041848 0.136572
2.090000 0.135913 0.041273 0.135913
2.100000 0.135257 0.040706 0.135257
2.110000 0.134604 0.040146 0.134604
2.120000 0.133952 0.039594 0.133952
2.130000 0.133303 0.039049 0.133303
2.140000 0.132657 0.038511 0.132657
2.150000 0.132012 0.037981 0.132012
2.160000 0.131370 0.037457 0.131370
2.170000 0.130731 0.036941 0.130731
2.180000 0.130094 0.036432 0.130094
2.190000 0.129459 0.035930 0.129459
2.200000 0.128827 0.035434 0.128827
2.210000 0.128197 0.034945 0.128197
2.220000 0.127570 0.034463 0.127570
2.230000 0.126945 0.033988 0.126945
2.240000 0.126322 0.033519 0.126322
2.250000 0.125703 0.033057 0.125703
2.260000 0.125085 0.032601 0.125085
2.270000 0.124470 0.032151 0.124470
2.280000 0.123858 0.031708 0.123858
2.290000 0.123249 0.031271 0.123249
2.300000 0.122641 0.030840 0.122641
2.310000 0.122037 0.030415 0.122037
2.320000 0.121435 0.029996 0.121435
2.330000 0.120836 0.029583 0.120836
2.340000 0.120239 0.029176 0.120239
2.350000 0.119645 0.028775 0.119645
2.360000 0.119053 0.028379 0.119053
2.370000 0.118464 0.027989 0.118464
2.380000 0.117878 0.027604 0.117878
2.390000 0.117294 0.027225 0.117294
2.400000 0.116713 0.026852 0.116713
2.410000 0.116135 0.026484 0.116135
2.420000 0.115559 0.026121 0.115559
2.430000 0.114986 0.025763 0.114986
2.440000 0.114416 0.025411 0.114416
2.450000 0.113848 0.025063 0.113848
2.460000 0.113283 0.024721 0.113283
2.470000 0.112721 0.024383 0.112721
2.480000 0.112161 0.024051 0.112161
2.490000 0.111604 0.023723 0.111604
2.500000 0.111050 0.023400 0.111050
2.510000 0.110498 0.023082 0.110498
2.520000 0.109949 0.022768 0.109949
2.530000 0.109403 0.022459 0.109403
2.540000 0.108859 0.022154 0.108859
2.550000 0.108318 0.021854 0.108318
2.560000 0.107780 0.021558 0.107780
2.570000 0.107244 0.021267 0.107244
2.580000 0.106711 0.020980 0.106711
2.590000 0.106181 0.020697 0.106181
2.600000 0.105653 0.020418 0.105653
2.610000 0.105128 0.020144 0.105128
2.620000 0.104606 0.019873 0.104606
2.630000 0.104086 0.019606 0.104086
2.640000 0.103569 0.019344 0.103569
2.650000 0.103055 0.019085 0.103055
2.660000 0.102544 0.018830 0.102544
2.670000 0.102035 0.018578 0.102035
2.680000 0.101528 0.018331 0.101528
2.690000 0.101025 0.018087 0.101025
2.700000 0.100524 0.017847 0.100524
2.710000 0.100025 0.017610 0.100025
2.720000 0.099530 0.017376 0.099530
2.730000 0.099037 0.017147 0.099037
2.740000 0.098546 0.016920 0.098546
2.750000 0.098058 0.016697 0.098058
2.760000 0.097573 0.016477 0.097573
2.770000 0.097090 0.016261 0.097090
2.780000 0.096610 0.016047 0.096610
2.790000 0.096133 0.015837 0.096133
2.800000 0.095658 0.015630 0.095658
2.810000 0.095186 0.015426 0.095186
2.820000 0.094716 0.015225 0.094716
2.830000 0.094249 0.015027 0.094249
2.840000 0.093785 0.014832 0.093785
2.850000 0.093323 0.014640 0.093323
2.860000 0.092863 0.014450 0.092863
2.870000 0.092406 0.014263 0.092406
2.880000 0.091952 0.014080 0.091952
2.890000 0.091500 0.013898 0.091500
2.900000 0.091051 0.013720 0.091051
2.910000 0.090604 0.013544 0.090604
2.920000 0.090160 0.013371 0.090160
2.930000 0.089718 0.013200 0.089718
2.940000 0.089278 0.013032 0.089278
2.950000 0.088842 0.012866 0.088842
2.960000 0.088407 0.012703 0.088407
2.970000 0.087975 0.012542 0.087975
2.980000 0.087546 0.012383 0.087546
2.990000 0.087119 0.012227 0.087119
3.000000 0.086694 0.012073 0.086694
3.010000 0.086272 0.011921 0.086272
3.020000 0.085852 0.011772 0.085852
3.030000 0.085435 0.011624 0.085435
3.040000 0.085020 0.011479 0.085020
3.050000 0.084607 0.011336 0.084607
3.060000 0.084197 0.011195 0.084197
3.070000 0.083789 0.011056 0.083789
3.080000 0.083383 0.010919 0.083383
3.090000 0.082980 0.010784 0.082980
3.100000 0.082579 0.010652 0.082579
3.110000 0.082181 0.010520 0.082181
3.120000 0.081785 0.010391 0.081785
3.130000 0.081391 0.010264 0.081391
3.140000 0.080999 0.010139 0.080999
3.150000 0.080610 0.010015 0.080610
3.160000 0.080223 0.009893 0.080223
3.170000 0.079838 0.009773 0.079838
3.180000 0.079455 0.009655 0.079455
3.190000 0.079075 0.009538 0.079075
3.200000 0.078697 0.009423 0.078697
3.210000 0.078321 0.009310 0.078321
3.220000 0.077947 0.009198 0.077947
3.230000 0.077576 0.009088 0.077576
3.240000 0.077206 0.008979 0.077206
3.250000 0.076839 0.008872 0.076839
3.260000 0.076474 0.008767 0.076474
3.270000 0.076111 0.008663 0.076111
3.280000 0.075751 0.008560 0.075751
3.290000 0.075392 0.008459 0.075392
3.300000 0.075036 0.008360 0.075036
3.310000 0.074681 0.008261 0.074681
3.320000 0.074329 0.008165 0.074329
3.330000 0.073979 0.008069 0.073979
3.340000 0.073631 0.007975 0.073631
3.350000 0.073285 0.007882 0.073285
3.360000 0.072941 0.007791 0.072941
3.370000 0.072599 0.007700 0.072599
3.380000 0.072259 0.007611 0.072259
3.390000 0.071921 0.007524 0.071921
3.400000 0.071585 0.007437 0.071585
3.410000 0.071251 0.007352 0.071251
3.420000 0.070919 0.007268 0.070919
3.430000 0.070589 0.007185 0.070589
3.440000 0.070261 0.007103 0.070261
3.450000 0.069935 0.007022 0.069935
3.460000 0.069611 0.006942 0.069611
3.470000 0.069289 0.006864 0.069289
3.480000 0.068969 0.006786 0.068969
3.490000 0.068650 0.006710 0.068650
3.500000 0.068334 0.006635 0.068334
3.510000 0.068019 0.006560 0.068019
3.520000 0.067707 0.006487 0.067707
3.530000 0.067396 0.006415 0.067396
3.540000 0.067087 0.006344 0.067087
3.550000 0.066780 0.006273 0.066780
3.560000 0.066474 0.006204 0.066474
3.570000 0.066171 0.006135 0.066171
3.580000 0.065869 0.006068 0.065869
3.590000 0.065569 0.006001 0.065569
3.600000 0.065271 0.005935 0.065271
3.610000 0.064975 0.005871 0.064975
3.620000 0.064680 0.005807 0.064680
3.630000 0.064388 0.005744 0.064388
3.640000 0.064096 0.005681 0.064096
3.650000 0.063807 0.005620 0.063807
3.660000 0.063519 0.005559 0.063519
3.670000 0.063234 0.005499 0.063234
3.680000 0.062949 0.005440 0.062949
3.690000 0.062667 0.005382 0.062667
3.700000 0.062386 0.005324 0.062386
3.710000 0.062107 0.005268 0.062107
3.720000 0.061829 0.005212 0.061829
3.730000 0.061553 0.005156 0.061553
3.740000 0.061279 0.005102 0.061279
3.750000 0.061006 0.005048 0.061006
3.760000 0.060735 0.004995 0.060735
3.770000 0.060466 0.004942 0.060466
3.780000 0.060198 0.004890 0.060198
3.790000 0.059932 0.004839 0.059932
3.800000 0.059667 0.004789 0.059667
3.810000 0.059404 0.004739 0.059404
3.820000 0.059143 0.004690 0.059143
3.830000 0.058883 0.004641 0.058883
3.840000 0.058624 0.004593 0.058624
3.850000 0.058367 0.004546 0.058367
3.860000 0.058112 0.004499 0.058112
3.870000 0.057858 0.004453 0.057858
3.880000 0.057606 0.004408 0.057606
3.890000 0.057355 0.004363 0.057355
3.900000 0.057105 0.004318 0.057105
3.910000 0.056857 0.004274 0.056857
3.920000 0.056611 0.004231 0.056611
3.930000 0.056366 0.004188 0.056366
3.940000 0.056122 0.004146 0.056122
3.950000 0.055880 0.004104 0.055880
3.960000 0.055639 0.004063 0.055639
3.970000 0.055400 0.004023 0.055400
3.980000 0.055162 0.003982 0.055162
3.990000 0.054925 0.003943 0.054925
4.000000 0.054690 0.003904 0.054690
4.010000 0.054456 0.003865 0.054456
4.020000 0.054224 0.003827 0.054224
4.030000 0.053993 0.003789 0.053993
4.040000 0.053763 0.003752 0.053763
4.050000 0.053535 0.003715 0.053535
4.060000 0.053307 0.003678 0.053307
4.070000 0.053082 0.003643 0.053082
4.080000 0.052857 0.003607 0.052857
4.090000 0.052634 0.003572 0.052634
4.100000 0.052412 0.003537 0.052412
4.110000 0.052192 0.003503 0.052192
4.120000 0.051972 0.003469 0.051972
4.130000 0.051754 0.003436 0.051754
4.140000 0.051538 0.003403 0.051538
4.150000 0.051322 0.003370 0.051322
4.160000 0.051108 0.003338 0.051108
4.170000 0.050895 0.003306 0.050895
4.180000 0.050683 0.003275 0.050683
4.190000 0.050472 0.003243 0.050472
4.200000 0.050263 0.003213 0.050263
4.210000 0.050055 0.003182 0.050055
4.220000 0.049848 0.003152 0.049848
4.230000 0.049642 0.003123 0.049642
4.240000 0.049437 0.003093 0.049437
4.250000 0.049234 0.003064 0.049234
4.260000 0.049032 0.003036 0.049032
4.270000 0.048830 0.003007 0.048830
4.280000 0.048630 0.002979 0.048630
4.290000 0.048432 0.002952 0.048432
4.300000 0.048234 0.002924 0.048234
4.310000 0.048037 0.002897 0.048037
4.320000 0.047842 0.002871 0.047842
4.330000 0.047647 0.002844 0.047647
4.340000 0.047454 0.002818 0.047454
4.350000 0.047262 0.002792 0.047262
4.360000 0.047071 0.002767 0.047071
4.370000 0.046881 0.002742 0.046881
4.380000 0.046692 0.002717 0.046692
4.390000 0.046504 0.002692 0.046504
4.400000 0.046317 0.002668 0.046317
4.410000 0.046131 0.002644 0.046131
4.420000 0.045947 0.002620 0.045947
4.430000 0.045763 0.002596 0.045763
4.440000 0.045580 0.002573 0.045580
4.450000 0.045399 0.002550 0.045399
4.460000 0.045218 0.002527 0.045218
4.470000 0.045038 0.002505 0.045038
4.480000 0.044860 0.002482 0.044860
4.490000 0.044682 0.002460 0.044682
4.500000 0.044506 0.002438 0.044506
4.510000 0.044330 0.002417 0.044330
4.520000 0.044155 0.002396 0.044155
4.530000 0.043982 0.002375 0.043982
4.540000 0.043809 0.002354 0.043809
4.550000 0.043637 0.002333 0.043637
4.560000 0.043466 0.002313 0.043466
4.570000 0.043296 0.002293 0.043296
4.580000 0.043127 0.002273 0.043127
4.590000 0.042959 0.002253 0.042959
4.600000 0.042792 0.002233 0.042792
4.610000 0.042626 0.002214 0.042626
4.620000 0.042461 0.002195 0.042461
4.630000 0.042296 0.002176 0.042296
4.640000 0.042133 0.002157 0.042133
4.650000 0.041970 0.002139 0.041970
4.660000 0.041809 0.002121 0.041809
4.670000 0.041648 0.002102 0.041648
4.680000 0.041488 0.002084 0.041488
4.690000 0.041329 0.002067 0.041329
4.700000 0.041171 0.002049 0.041171
4.710000 0.041013 0.002032 0.041013
4.720000 0.040857 0.002015 0.040857
4.730000 0.040701 0.001998 0.040701
4.740000 0.040547 0.001981 0.040547
4.750000 0.040393 0.001964 0.040393
4.760000 0.040239 0.001948 0.040239
4.770000 0.040087 0.001932 0.040087
4.780000 0.039936 0.001915 0.039936
4.790000 0.039785 0.001900 0.039785
4.800000 0.039635 0.001884 0.039635
4.810000 0.039486 0.001868 0.039486
4.820000 0.039338 0.001853 0.039338
4.830000 0.039190 0.001837 0.039190
4.840000 0.039044 0.001822 0.039044
4.850000 0.038898 0.001807 0.038898
4.860000 0.038753 0.001792 0.038753
4.870000 0.038608 0.001778 0.038608
4.880000 0.038465 0.001763 0.038465
4.890000 0.038322 0.001749 0.038322
4.900000 0.038180 0.001735 0.038180
4.910000 0.038039 0.001721 0.038039
4.920000 0.037898 0.001707 0.037898
4.930000 0.037758 0.001693 0.037758
4.940000 0.037619 0.001679 0.037619
4.950000 0.037481 0.001666 0.037481
4.960000 0.037343 0.001652 0.037343
4.970000 0.037206 0.001639 0.037206
4.980000 0.037070 0.001626 0.037070
4.990000 0.036935 0.001613 0.036935
