460     ! number of entries nq
0.05    ! delta q

#! Description of entries: q, LAA, LAB, LBB
   
0.050000 0.509663 -0.021542 0.509663
0.100000 0.509663 -0.021542 0.509663
0.150000 0.509663 -0.021542 0.509663
0.200000 0.509663 -0.021542 0.509663
0.250000 0.509663 -0.021542 0.509663
0.300000 0.507482 -0.023159 0.507482
0.350000 0.503937 -0.025786 0.503937
0.400000 0.500392 -0.028414 0.500392
0.450000 0.496847 -0.031041 0.496847
0.500000 0.493302 -0.033669 0.493302
0.550000 0.488853 -0.036442 0.488853
0.600000 0.481392 -0.039700 0.481392
0.650000 0.473930 -0.042959 0.473930
0.700000 0.466469 -0.046217 0.466469
0.750000 0.459007 -0.049475 0.459007
0.800000 0.451546 -0.052734 0.451546
0.850000 0.444084 -0.055992 0.444084
0.900000 0.436623 -0.059250 0.436623
0.950000 0.429161 -0.062509 0.429161
1.000000 0.421700 -0.065767 0.421700
1.050000 0.414238 -0.069025 0.414238
1.100000 0.406759 -0.070770 0.406759
1.150000 0.399260 -0.070747 0.399260
1.200000 0.391761 -0.070725 0.391761
1.250000 0.384262 -0.070703 0.384262
1.300000 0.376763 -0.070681 0.376763
1.350000 0.369264 -0.070658 0.369264
1.400000 0.361764 -0.070636 0.361764
1.450000 0.354265 -0.070614 0.354265
1.500000 0.346766 -0.070591 0.346766
1.550000 0.339267 -0.070569 0.339267
1.600000 0.331768 -0.070547 0.331768
1.650000 0.324269 -0.070525 0.324269
1.700000 0.316770 -0.070502 0.316770
1.750000 0.309271 -0.070480 0.309271
1.800000 0.301771 -0.070458 0.301771
1.850000 0.294272 -0.070435 0.294272
1.900000 0.286773 -0.070413 0.286773
1.950000 0.279274 -0.070391 0.279274
2.000000 0.271775 -0.070369 0.271775
2.050000 0.264276 -0.070346 0.264276
2.100000 0.256777 -0.070324 0.256777
2.150000 0.249278 -0.070302 0.249278
2.200000 0.244919 -0.069193 0.244919
2.250000 0.240823 -0.067994 0.240823
2.300000 0.236727 -0.066795 0.236727
2.350000 0.232631 -0.065596 0.232631
2.400000 0.228535 -0.064397 0.228535
2.450000 0.224439 -0.063198 0.224439
2.500000 0.220342 -0.061999 0.220342
2.550000 0.216246 -0.060800 0.216246
2.600000 0.212150 -0.059601 0.212150
2.650000 0.208054 -0.058402 0.208054
2.700000 0.203958 -0.057203 0.203958
2.750000 0.199862 -0.056004 0.199862
2.800000 0.195765 -0.054805 0.195765
2.850000 0.191669 -0.053606 0.191669
2.900000 0.187573 -0.052407 0.187573
2.950000 0.183477 -0.051208 0.183477
3.000000 0.179381 -0.050009 0.179381
3.050000 0.175285 -0.048810 0.175285
3.100000 0.171189 -0.047611 0.171189
3.150000 0.167092 -0.046412 0.167092
3.200000 0.162996 -0.045213 0.162996
3.250000 0.159797 -0.044208 0.159797
3.300000 0.158034 -0.043512 0.158034
3.350000 0.156271 -0.042817 0.156271
3.400000 0.154508 -0.042122 0.154508
3.450000 0.152745 -0.041427 0.152745
3.500000 0.150981 -0.040731 0.150981
3.550000 0.149218 -0.040036 0.149218
3.600000 0.147455 -0.039341 0.147455
3.650000 0.145692 -0.038646 0.145692
3.700000 0.143929 -0.037950 0.143929
3.750000 0.142166 -0.037255 0.142166
3.800000 0.140403 -0.036560 0.140403
3.850000 0.138640 -0.035864 0.138640
3.900000 0.136877 -0.035169 0.136877
3.950000 0.135113 -0.034474 0.135113
4.000000 0.133350 -0.033779 0.133350
4.050000 0.131587 -0.033083 0.131587
4.100000 0.129824 -0.032388 0.129824
4.150000 0.128061 -0.031693 0.128061
4.200000 0.126298 -0.030998 0.126298
4.250000 0.124535 -0.030302 0.124535
4.300000 0.122772 -0.029607 0.122772
4.350000 0.122153 -0.029257 0.122153
4.400000 0.121744 -0.028971 0.121744
4.450000 0.121334 -0.028684 0.121334
4.500000 0.120924 -0.028397 0.120924
4.550000 0.120514 -0.028111 0.120514
4.600000 0.120105 -0.027824 0.120105
4.650000 0.119695 -0.027537 0.119695
4.700000 0.119285 -0.027251 0.119285
4.750000 0.118876 -0.026964 0.118876
4.800000 0.118466 -0.026677 0.118466
4.850000 0.118056 -0.026391 0.118056
4.900000 0.117646 -0.026104 0.117646
4.950000 0.117237 -0.025817 0.117237
5.000000 0.116827 -0.025530 0.116827
5.050000 0.116417 -0.025244 0.116417
5.100000 0.116007 -0.024957 0.116007
5.150000 0.115598 -0.024670 0.115598
5.200000 0.115188 -0.024384 0.115188
5.250000 0.114778 -0.024097 0.114778
5.300000 0.114368 -0.023810 0.114368
5.350000 0.113959 -0.023524 0.113959
5.400000 0.113778 -0.023291 0.113778
5.450000 0.114115 -0.023179 0.114115
5.500000 0.114452 -0.023068 0.114452
5.550000 0.114788 -0.022956 0.114788
5.600000 0.115125 -0.022845 0.115125
5.650000 0.115462 -0.022734 0.115462
5.700000 0.115798 -0.022622 0.115798
5.750000 0.116135 -0.022511 0.116135
5.800000 0.116471 -0.022399 0.116471
5.850000 0.116808 -0.022288 0.116808
5.900000 0.117145 -0.022176 0.117145
5.950000 0.117481 -0.022065 0.117481
6.000000 0.117818 -0.021954 0.117818
6.050000 0.118154 -0.021842 0.118154
6.100000 0.118491 -0.021731 0.118491
6.150000 0.118828 -0.021619 0.118828
6.200000 0.119164 -0.021508 0.119164
6.250000 0.119501 -0.021396 0.119501
6.300000 0.119837 -0.021285 0.119837
6.350000 0.120174 -0.021174 0.120174
6.400000 0.120511 -0.021062 0.120511
6.450000 0.120847 -0.020951 0.120847
6.500000 0.121774 -0.020846 0.121774
6.550000 0.122879 -0.020743 0.122879
6.600000 0.123983 -0.020641 0.123983
6.650000 0.125088 -0.020538 0.125088
6.700000 0.126192 -0.020435 0.126192
6.750000 0.127296 -0.020332 0.127296
6.800000 0.128401 -0.020230 0.128401
6.850000 0.129505 -0.020127 0.129505
6.900000 0.130610 -0.020024 0.130610
6.950000 0.131714 -0.019922 0.131714
7.000000 0.132818 -0.019819 0.132818
7.050000 0.133923 -0.019716 0.133923
7.100000 0.135027 -0.019613 0.135027
7.150000 0.136132 -0.019511 0.136132
7.200000 0.137236 -0.019408 0.137236
7.250000 0.138341 -0.019305 0.138341
7.300000 0.139445 -0.019202 0.139445
7.350000 0.140549 -0.019100 0.140549
7.400000 0.141654 -0.018997 0.141654
7.450000 0.142758 -0.018894 0.142758
7.500000 0.143863 -0.018792 0.143863
7.550000 0.144967 -0.018689 0.144967
7.600000 0.146071 -0.018586 0.146071
7.650000 0.147176 -0.018483 0.147176
7.700000 0.148280 -0.018381 0.148280
7.750000 0.149385 -0.018278 0.149385
7.800000 0.150489 -0.018175 0.150489
7.850000 0.151594 -0.018072 0.151594
7.900000 0.152698 -0.017970 0.152698
7.950000 0.153802 -0.017867 0.153802
8.000000 0.154907 -0.017764 0.154907
8.050000 0.156011 -0.017662 0.156011
8.100000 0.157116 -0.017559 0.157116
8.150000 0.158220 -0.017456 0.158220
8.200000 0.159324 -0.017353 0.159324
8.250000 0.160429 -0.017251 0.160429
8.300000 0.161533 -0.017148 0.161533
8.350000 0.162638 -0.017045 0.162638
8.400000 0.163742 -0.016943 0.163742
8.450000 0.164847 -0.016840 0.164847
8.500000 0.165951 -0.016737 0.165951
8.550000 0.167055 -0.016634 0.167055
8.600000 0.168160 -0.016532 0.168160
8.650000 0.170066 -0.016653 0.170066
8.700000 0.172330 -0.016873 0.172330
8.750000 0.174593 -0.017094 0.174593
8.800000 0.176856 -0.017314 0.176856
8.850000 0.179120 -0.017535 0.179120
8.900000 0.181383 -0.017755 0.181383
8.950000 0.183647 -0.017976 0.183647
9.000000 0.185910 -0.018196 0.185910
9.050000 0.188173 -0.018417 0.188173
9.100000 0.190437 -0.018637 0.190437
9.150000 0.192700 -0.018858 0.192700
9.200000 0.194963 -0.019078 0.194963
9.250000 0.197227 -0.019299 0.197227
9.300000 0.199490 -0.019520 0.199490
9.350000 0.201754 -0.019740 0.201754
9.400000 0.204017 -0.019961 0.204017
9.450000 0.206280 -0.020181 0.206280
9.500000 0.208544 -0.020402 0.208544
9.550000 0.210807 -0.020622 0.210807
9.600000 0.213071 -0.020843 0.213071
9.650000 0.215334 -0.021063 0.215334
9.700000 0.217597 -0.021284 0.217597
9.750000 0.219861 -0.021504 0.219861
9.800000 0.222124 -0.021725 0.222124
9.850000 0.224387 -0.021945 0.224387
9.900000 0.226651 -0.022166 0.226651
9.950000 0.228914 -0.022387 0.228914
10.000000 0.231178 -0.022607 0.231178
10.050000 0.233441 -0.022828 0.233441
10.100000 0.235704 -0.023048 0.235704
10.150000 0.237968 -0.023269 0.237968
10.200000 0.240231 -0.023489 0.240231
10.250000 0.242495 -0.023710 0.242495
10.300000 0.244758 -0.023930 0.244758
10.350000 0.247021 -0.024151 0.247021
10.400000 0.249285 -0.024371 0.249285
10.450000 0.251548 -0.024592 0.251548
10.500000 0.253812 -0.024812 0.253812
10.550000 0.256075 -0.025033 0.256075
10.600000 0.258338 -0.025253 0.258338
10.650000 0.260602 -0.025474 0.260602
10.700000 0.262865 -0.025695 0.262865
10.750000 0.265128 -0.025915 0.265128
10.800000 0.267707 -0.025966 0.267707
10.850000 0.270484 -0.025910 0.270484
10.900000 0.273260 -0.025854 0.273260
10.950000 0.276037 -0.025799 0.276037
11.000000 0.278813 -0.025743 0.278813
11.050000 0.281589 -0.025687 0.281589
11.100000 0.284366 -0.025631 0.284366
11.150000 0.287142 -0.025576 0.287142
11.200000 0.289919 -0.025520 0.289919
11.250000 0.292695 -0.025464 0.292695
11.300000 0.295472 -0.025409 0.295472
11.350000 0.298248 -0.025353 0.298248
11.400000 0.301024 -0.025297 0.301024
11.450000 0.303801 -0.025241 0.303801
11.500000 0.306577 -0.025186 0.306577
11.550000 0.309354 -0.025130 0.309354
11.600000 0.312130 -0.025074 0.312130
11.650000 0.314907 -0.025019 0.314907
11.700000 0.317683 -0.024963 0.317683
11.750000 0.320459 -0.024907 0.320459
11.800000 0.323236 -0.024851 0.323236
11.850000 0.326012 -0.024796 0.326012
11.900000 0.328789 -0.024740 0.328789
11.950000 0.331565 -0.024684 0.331565
12.000000 0.334342 -0.024629 0.334342
12.050000 0.337118 -0.024573 0.337118
12.100000 0.339894 -0.024517 0.339894
12.150000 0.342671 -0.024461 0.342671
12.200000 0.345447 -0.024406 0.345447
12.250000 0.348224 -0.024350 0.348224
12.300000 0.351000 -0.024294 0.351000
12.350000 0.353776 -0.024239 0.353776
12.400000 0.356553 -0.024183 0.356553
12.450000 0.359329 -0.024127 0.359329
12.500000 0.362106 -0.024071 0.362106
12.550000 0.364882 -0.024016 0.364882
12.600000 0.367659 -0.023960 0.367659
12.650000 0.370435 -0.023904 0.370435
12.700000 0.373211 -0.023849 0.373211
12.750000 0.375988 -0.023793 0.375988
12.800000 0.378764 -0.023737 0.378764
12.850000 0.381541 -0.023681 0.381541
12.900000 0.384317 -0.023626 0.384317
12.950000 0.387094 -0.023570 0.387094
13.000000 0.389870 -0.023514 0.389870
13.050000 0.392646 -0.023459 0.392646
13.100000 0.395423 -0.023403 0.395423
13.150000 0.398199 -0.023347 0.398199
13.200000 0.400976 -0.023291 0.400976
13.250000 0.403752 -0.023236 0.403752
13.300000 0.406529 -0.023180 0.406529
13.350000 0.409305 -0.023124 0.409305
13.400000 0.412081 -0.023069 0.412081
13.450000 0.414858 -0.023013 0.414858
13.500000 0.417634 -0.022957 0.417634
13.550000 0.420411 -0.022901 0.420411
13.600000 0.423187 -0.022846 0.423187
13.650000 0.425963 -0.022790 0.425963
13.700000 0.428740 -0.022734 0.428740
13.750000 0.431516 -0.022679 0.431516
13.800000 0.434293 -0.022623 0.434293
13.850000 0.437069 -0.022567 0.437069
13.900000 0.439846 -0.022511 0.439846
13.950000 0.442622 -0.022456 0.442622
14.000000 0.445398 -0.022400 0.445398
14.050000 0.448175 -0.022344 0.448175
14.100000 0.450951 -0.022289 0.450951
14.150000 0.453728 -0.022233 0.453728
14.200000 0.456504 -0.022177 0.456504
14.250000 0.459281 -0.022121 0.459281
14.300000 0.462057 -0.022066 0.462057
14.350000 0.464833 -0.022010 0.464833
14.400000 0.467610 -0.021954 0.467610
14.450000 0.470386 -0.021899 0.470386
14.500000 0.473163 -0.021843 0.473163
14.550000 0.475939 -0.021787 0.475939
14.600000 0.478716 -0.021731 0.478716
14.650000 0.481492 -0.021676 0.481492
14.700000 0.484268 -0.021620 0.484268
14.750000 0.487045 -0.021564 0.487045
14.800000 0.489821 -0.021509 0.489821
14.850000 0.492598 -0.021453 0.492598
14.900000 0.495374 -0.021397 0.495374
14.950000 0.498150 -0.021341 0.498150
15.000000 0.500927 -0.021286 0.500927
15.050000 0.503703 -0.021230 0.503703
15.100000 0.506480 -0.021174 0.506480
15.150000 0.509256 -0.021119 0.509256
15.200000 0.512033 -0.021063 0.512033
15.250000 0.514809 -0.021007 0.514809
15.300000 0.517585 -0.020951 0.517585
15.350000 0.520362 -0.020896 0.520362
15.400000 0.523138 -0.020840 0.523138
15.450000 0.525915 -0.020784 0.525915
15.500000 0.528691 -0.020729 0.528691
15.550000 0.531468 -0.020673 0.531468
15.600000 0.534244 -0.020617 0.534244
15.650000 0.537020 -0.020561 0.537020
15.700000 0.539797 -0.020506 0.539797
15.750000 0.542573 -0.020450 0.542573
15.800000 0.545350 -0.020394 0.545350
15.850000 0.548126 -0.020339 0.548126
15.900000 0.550903 -0.020283 0.550903
15.950000 0.553679 -0.020227 0.553679
16.000000 0.556455 -0.020171 0.556455
16.050000 0.559232 -0.020116 0.559232
16.100000 0.562008 -0.020060 0.562008
16.150000 0.564785 -0.020004 0.564785
16.200000 0.565734 -0.019964 0.565734
16.250000 0.566531 -0.019924 0.566531
16.300000 0.567327 -0.019885 0.567327
16.350000 0.568123 -0.019845 0.568123
16.400000 0.568919 -0.019806 0.568919
16.450000 0.569716 -0.019766 0.569716
16.500000 0.570512 -0.019727 0.570512
16.550000 0.571308 -0.019687 0.571308
16.600000 0.572104 -0.019648 0.572104
16.650000 0.572901 -0.019608 0.572901
16.700000 0.573697 -0.019569 0.573697
16.750000 0.574493 -0.019529 0.574493
16.800000 0.575289 -0.019490 0.575289
16.850000 0.576086 -0.019451 0.576086
16.900000 0.576882 -0.019411 0.576882
16.950000 0.577678 -0.019372 0.577678
17.000000 0.578474 -0.019332 0.578474
17.050000 0.579271 -0.019293 0.579271
17.100000 0.580067 -0.019253 0.580067
17.150000 0.580863 -0.019214 0.580863
17.200000 0.581659 -0.019174 0.581659
17.250000 0.582456 -0.019135 0.582456
17.300000 0.583252 -0.019095 0.583252
17.350000 0.584048 -0.019056 0.584048
17.400000 0.584844 -0.019016 0.584844
17.450000 0.585641 -0.018977 0.585641
17.500000 0.586437 -0.018938 0.586437
17.550000 0.587233 -0.018898 0.587233
17.600000 0.588029 -0.018859 0.588029
17.650000 0.588826 -0.018819 0.588826
17.700000 0.589622 -0.018780 0.589622
17.750000 0.590418 -0.018740 0.590418
17.800000 0.591214 -0.018701 0.591214
17.850000 0.592011 -0.018661 0.592011
17.900000 0.592807 -0.018622 0.592807
17.950000 0.593603 -0.018582 0.593603
18.000000 0.594399 -0.018543 0.594399
18.050000 0.595196 -0.018503 0.595196
18.100000 0.595992 -0.018464 0.595992
18.150000 0.596788 -0.018424 0.596788
18.200000 0.597584 -0.018385 0.597584
18.250000 0.598381 -0.018346 0.598381
18.300000 0.599177 -0.018306 0.599177
18.350000 0.599973 -0.018267 0.599973
18.400000 0.600769 -0.018227 0.600769
18.450000 0.601566 -0.018188 0.601566
18.500000 0.602362 -0.018148 0.602362
18.550000 0.603158 -0.018109 0.603158
18.600000 0.603954 -0.018069 0.603954
18.650000 0.604751 -0.018030 0.604751
18.700000 0.605547 -0.017990 0.605547
18.750000 0.606343 -0.017951 0.606343
18.800000 0.607139 -0.017911 0.607139
18.850000 0.607936 -0.017872 0.607936
18.900000 0.608732 -0.017833 0.608732
18.950000 0.609528 -0.017793 0.609528
19.000000 0.610324 -0.017754 0.610324
19.050000 0.611121 -0.017714 0.611121
19.100000 0.611917 -0.017675 0.611917
19.150000 0.612713 -0.017635 0.612713
19.200000 0.613509 -0.017596 0.613509
19.250000 0.614306 -0.017556 0.614306
19.300000 0.615102 -0.017517 0.615102
19.350000 0.615898 -0.017477 0.615898
19.400000 0.616694 -0.017438 0.616694
19.450000 0.617491 -0.017398 0.617491
19.500000 0.618287 -0.017359 0.618287
19.550000 0.619083 -0.017319 0.619083
19.600000 0.619879 -0.017280 0.619879
19.650000 0.620676 -0.017241 0.620676
19.700000 0.621472 -0.017201 0.621472
19.750000 0.622268 -0.017162 0.622268
19.800000 0.623064 -0.017122 0.623064
19.850000 0.623861 -0.017083 0.623861
19.900000 0.624657 -0.017043 0.624657
19.950000 0.625453 -0.017004 0.625453
20.000000 0.626249 -0.016964 0.626249
20.050000 0.627046 -0.016925 0.627046
20.100000 0.627842 -0.016885 0.627842
20.150000 0.628638 -0.016846 0.628638
20.200000 0.629434 -0.016806 0.629434
20.250000 0.630231 -0.016767 0.630231
20.300000 0.631027 -0.016728 0.631027
20.350000 0.631823 -0.016688 0.631823
20.400000 0.632619 -0.016649 0.632619
20.450000 0.633416 -0.016609 0.633416
20.500000 0.634212 -0.016570 0.634212
20.550000 0.635008 -0.016530 0.635008
20.600000 0.635804 -0.016491 0.635804
20.650000 0.636601 -0.016451 0.636601
20.700000 0.637397 -0.016412 0.637397
20.750000 0.638193 -0.016372 0.638193
20.800000 0.638989 -0.016333 0.638989
20.850000 0.639786 -0.016293 0.639786
20.900000 0.640582 -0.016254 0.640582
20.950000 0.641378 -0.016214 0.641378
21.000000 0.642174 -0.016175 0.642174
21.050000 0.642971 -0.016136 0.642971
21.100000 0.643767 -0.016096 0.643767
21.150000 0.644563 -0.016057 0.644563
21.200000 0.645359 -0.016017 0.645359
21.250000 0.646156 -0.015978 0.646156
21.300000 0.646952 -0.015938 0.646952
21.350000 0.647748 -0.015899 0.647748
21.400000 0.648544 -0.015859 0.648544
21.450000 0.649341 -0.015820 0.649341
21.500000 0.650137 -0.015780 0.650137
21.550000 0.650836 -0.015762 0.650836
21.600000 0.651213 -0.015813 0.651213
21.650000 0.651589 -0.015864 0.651589
21.700000 0.651965 -0.015915 0.651965
21.750000 0.652341 -0.015966 0.652341
21.800000 0.652717 -0.016017 0.652717
21.850000 0.653093 -0.016068 0.653093
21.900000 0.653469 -0.016119 0.653469
21.950000 0.653845 -0.016170 0.653845
22.000000 0.654221 -0.016221 0.654221
22.050000 0.654597 -0.016272 0.654597
22.100000 0.654973 -0.016324 0.654973
22.150000 0.655349 -0.016375 0.655349
22.200000 0.655725 -0.016426 0.655725
22.250000 0.656101 -0.016477 0.656101
22.300000 0.656478 -0.016528 0.656478
22.350000 0.656854 -0.016579 0.656854
22.400000 0.657230 -0.016630 0.657230
22.450000 0.657606 -0.016681 0.657606
22.500000 0.657982 -0.016732 0.657982
22.550000 0.658358 -0.016783 0.658358
22.600000 0.658734 -0.016834 0.658734
22.650000 0.659110 -0.016885 0.659110
22.700000 0.659486 -0.016936 0.659486
22.750000 0.659862 -0.016987 0.659862
22.800000 0.660238 -0.017039 0.660238
22.850000 0.660614 -0.017090 0.660614
22.900000 0.660990 -0.017141 0.660990
22.950000 0.661366 -0.017192 0.661366
23.000000 0.661743 -0.017243 0.661743
