300
0.05

!qRg, LAA, LAB, LBB

0.050000 0.458037 0.041338 0.458037
0.100000 0.457150 0.040358 0.457150
0.150000 0.455677 0.038739 0.455677
0.200000 0.453623 0.036505 0.453623
0.250000 0.450999 0.033686 0.450999
0.300000 0.447816 0.030322 0.447816
0.350000 0.444089 0.026459 0.444089
0.400000 0.439835 0.022149 0.439835
0.450000 0.435072 0.017448 0.435072
0.500000 0.429822 0.012417 0.429822
0.550000 0.424108 0.007120 0.424108
0.600000 0.417954 0.001621 0.417954
0.650000 0.411386 -0.004013 0.411386
0.700000 0.404432 -0.009720 0.404432
0.750000 0.397122 -0.015435 0.397122
0.800000 0.389483 -0.021099 0.389483
0.850000 0.381547 -0.026656 0.381547
0.900000 0.373344 -0.032054 0.373344
0.950000 0.364905 -0.037247 0.364905
1.000000 0.356262 -0.042191 0.356262
1.050000 0.347445 -0.046853 0.347445
1.100000 0.338485 -0.051201 0.338485
1.150000 0.329412 -0.055212 0.329412
1.200000 0.320256 -0.058868 0.320256
1.250000 0.311045 -0.062156 0.311045
1.300000 0.301808 -0.065068 0.301808
1.350000 0.292571 -0.067604 0.292571
1.400000 0.283358 -0.069765 0.283358
1.450000 0.274195 -0.071558 0.274195
1.500000 0.265103 -0.072993 0.265103
1.550000 0.256103 -0.074084 0.256103
1.600000 0.247217 -0.074848 0.247217
1.650000 0.238460 -0.075301 0.238460
1.700000 0.229849 -0.075464 0.229849
1.750000 0.221400 -0.075359 0.221400
1.800000 0.213124 -0.075006 0.213124
1.850000 0.205034 -0.074429 0.205034
1.900000 0.197139 -0.073648 0.197139
1.950000 0.189448 -0.072687 0.189448
2.000000 0.181967 -0.071566 0.181967
2.050000 0.174701 -0.070307 0.174701
2.100000 0.167656 -0.068928 0.167656
2.150000 0.160833 -0.067449 0.160833
2.200000 0.154235 -0.065887 0.154235
2.250000 0.147861 -0.064258 0.147861
2.300000 0.141712 -0.062577 0.141712
2.350000 0.135786 -0.060858 0.135786
2.400000 0.130081 -0.059114 0.130081
2.450000 0.124594 -0.057355 0.124594
2.500000 0.119321 -0.055591 0.119321
2.550000 0.114259 -0.053832 0.114259
2.600000 0.109402 -0.052085 0.109402
2.650000 0.104746 -0.050356 0.104746
2.700000 0.100286 -0.048652 0.100286
2.750000 0.096015 -0.046978 0.096015
2.800000 0.091928 -0.045337 0.091928
2.850000 0.088019 -0.043733 0.088019
2.900000 0.084281 -0.042169 0.084281
2.950000 0.080709 -0.040646 0.080709
3.000000 0.077297 -0.039167 0.077297
3.050000 0.074038 -0.037732 0.074038
3.100000 0.070927 -0.036342 0.070927
3.150000 0.067957 -0.034997 0.067957
3.200000 0.065122 -0.033698 0.065122
3.250000 0.062416 -0.032444 0.062416
3.300000 0.059835 -0.031235 0.059835
3.350000 0.057372 -0.030070 0.057372
3.400000 0.055022 -0.028949 0.055022
3.450000 0.052780 -0.027870 0.052780
3.500000 0.050641 -0.026832 0.050641
3.550000 0.048600 -0.025835 0.048600
3.600000 0.046653 -0.024876 0.046653
3.650000 0.044794 -0.023956 0.044794
3.700000 0.043021 -0.023072 0.043021
3.750000 0.041328 -0.022224 0.041328
3.800000 0.039713 -0.021410 0.039713
3.850000 0.038170 -0.020629 0.038170
3.900000 0.036697 -0.019879 0.036697
3.950000 0.035290 -0.019160 0.035290
4.000000 0.033946 -0.018470 0.033946
4.050000 0.032662 -0.017809 0.032662
4.100000 0.031435 -0.017174 0.031435
4.150000 0.030262 -0.016565 0.030262
4.200000 0.029141 -0.015981 0.029141
4.250000 0.028069 -0.015420 0.028069
4.300000 0.027043 -0.014882 0.027043
4.350000 0.026062 -0.014366 0.026062
4.400000 0.025123 -0.013871 0.025123
4.450000 0.024224 -0.013395 0.024224
4.500000 0.023363 -0.012939 0.023363
4.550000 0.022539 -0.012501 0.022539
4.600000 0.021749 -0.012080 0.021749
4.650000 0.020992 -0.011676 0.020992
4.700000 0.020267 -0.011288 0.020267
4.750000 0.019572 -0.010915 0.019572
4.800000 0.018905 -0.010556 0.018905
4.850000 0.018266 -0.010212 0.018266
4.900000 0.017653 -0.009881 0.017653
4.950000 0.017064 -0.009562 0.017064
5.000000 0.016499 -0.009256 0.016499
5.050000 0.015956 -0.008961 0.015956
5.100000 0.015435 -0.008678 0.015435
5.150000 0.014934 -0.008405 0.014934
5.200000 0.014453 -0.008143 0.014453
5.250000 0.013990 -0.007890 0.013990
5.300000 0.013546 -0.007647 0.013546
5.350000 0.013118 -0.007412 0.013118
5.400000 0.012707 -0.007187 0.012707
5.450000 0.012311 -0.006969 0.012311
5.500000 0.011930 -0.006759 0.011930
5.550000 0.011563 -0.006557 0.011563
5.600000 0.011210 -0.006363 0.011210
5.650000 0.010871 -0.006175 0.010871
5.700000 0.010543 -0.005994 0.010543
5.750000 0.010228 -0.005819 0.010228
5.800000 0.009924 -0.005650 0.009924
5.850000 0.009630 -0.005488 0.009630
5.900000 0.009348 -0.005330 0.009348
5.950000 0.009075 -0.005179 0.009075
6.000000 0.008812 -0.005032 0.008812
6.050000 0.008559 -0.004891 0.008559
6.100000 0.008314 -0.004754 0.008314
6.150000 0.008078 -0.004622 0.008078
6.200000 0.007850 -0.004495 0.007850
6.250000 0.007629 -0.004371 0.007629
6.300000 0.007416 -0.004252 0.007416
6.350000 0.007211 -0.004137 0.007211
6.400000 0.007012 -0.004025 0.007012
6.450000 0.006820 -0.003917 0.006820
6.500000 0.006635 -0.003813 0.006635
6.550000 0.006455 -0.003712 0.006455
6.600000 0.006282 -0.003614 0.006282
6.650000 0.006114 -0.003520 0.006114
6.700000 0.005952 -0.003428 0.005952
6.750000 0.005795 -0.003339 0.005795
6.800000 0.005643 -0.003253 0.005643
6.850000 0.005495 -0.003170 0.005495
6.900000 0.005353 -0.003089 0.005353
6.950000 0.005215 -0.003011 0.005215
7.000000 0.005081 -0.002935 0.005081
7.050000 0.004952 -0.002862 0.004952
7.100000 0.004826 -0.002791 0.004826
7.150000 0.004705 -0.002722 0.004705
7.200000 0.004587 -0.002655 0.004587
7.250000 0.004473 -0.002590 0.004473
7.300000 0.004362 -0.002527 0.004362
7.350000 0.004255 -0.002466 0.004255
7.400000 0.004150 -0.002406 0.004150
7.450000 0.004049 -0.002349 0.004049
7.500000 0.003951 -0.002293 0.003951
7.550000 0.003856 -0.002238 0.003856
7.600000 0.003764 -0.002186 0.003764
7.650000 0.003674 -0.002134 0.003674
7.700000 0.003587 -0.002085 0.003587
7.750000 0.003503 -0.002036 0.003503
7.800000 0.003421 -0.001989 0.003421
7.850000 0.003341 -0.001944 0.003341
7.900000 0.003264 -0.001899 0.003264
7.950000 0.003189 -0.001856 0.003189
8.000000 0.003116 -0.001814 0.003116
8.050000 0.003044 -0.001774 0.003044
8.100000 0.002975 -0.001734 0.002975
8.150000 0.002908 -0.001695 0.002908
8.200000 0.002843 -0.001658 0.002843
8.250000 0.002780 -0.001621 0.002780
8.300000 0.002718 -0.001586 0.002718
8.350000 0.002658 -0.001551 0.002658
8.400000 0.002599 -0.001518 0.002599
8.450000 0.002543 -0.001485 0.002543
8.500000 0.002487 -0.001453 0.002487
8.550000 0.002433 -0.001422 0.002433
8.600000 0.002381 -0.001392 0.002381
8.650000 0.002330 -0.001362 0.002330
8.700000 0.002280 -0.001333 0.002280
8.750000 0.002232 -0.001306 0.002232
8.800000 0.002185 -0.001278 0.002185
8.850000 0.002139 -0.001252 0.002139
8.900000 0.002094 -0.001226 0.002094
8.950000 0.002051 -0.001201 0.002051
9.000000 0.002008 -0.001176 0.002008
9.050000 0.001967 -0.001152 0.001967
9.100000 0.001926 -0.001129 0.001926
9.150000 0.001887 -0.001106 0.001887
9.200000 0.001849 -0.001084 0.001849
9.250000 0.001811 -0.001062 0.001811
9.300000 0.001775 -0.001041 0.001775
9.350000 0.001739 -0.001021 0.001739
9.400000 0.001705 -0.001000 0.001705
9.450000 0.001671 -0.000981 0.001671
9.500000 0.001638 -0.000962 0.001638
9.550000 0.001606 -0.000943 0.001606
9.600000 0.001574 -0.000925 0.001574
9.650000 0.001544 -0.000907 0.001544
9.700000 0.001514 -0.000889 0.001514
9.750000 0.001485 -0.000873 0.001485
9.800000 0.001456 -0.000856 0.001456
9.850000 0.001428 -0.000840 0.001428
9.900000 0.001401 -0.000824 0.001401
9.950000 0.001375 -0.000808 0.001375
10.000000 0.001349 -0.000793 0.001349
10.050000 0.001323 -0.000779 0.001323
10.100000 0.001299 -0.000764 0.001299
10.150000 0.001275 -0.000750 0.001275
10.200000 0.001251 -0.000736 0.001251
10.250000 0.001228 -0.000723 0.001228
10.300000 0.001205 -0.000710 0.001205
10.350000 0.001183 -0.000697 0.001183
10.400000 0.001162 -0.000684 0.001162
10.450000 0.001141 -0.000672 0.001141
10.500000 0.001120 -0.000660 0.001120
10.550000 0.001100 -0.000648 0.001100
10.600000 0.001080 -0.000637 0.001080
10.650000 0.001061 -0.000626 0.001061
10.700000 0.001042 -0.000615 0.001042
10.750000 0.001024 -0.000604 0.001024
10.800000 0.001006 -0.000593 0.001006
10.850000 0.000988 -0.000583 0.000988
10.900000 0.000971 -0.000573 0.000971
10.950000 0.000954 -0.000563 0.000954
11.000000 0.000938 -0.000553 0.000938
11.050000 0.000922 -0.000544 0.000922
11.100000 0.000906 -0.000535 0.000906
11.150000 0.000890 -0.000526 0.000890
11.200000 0.000875 -0.000517 0.000875
11.250000 0.000860 -0.000508 0.000860
11.300000 0.000846 -0.000500 0.000846
11.350000 0.000832 -0.000491 0.000832
11.400000 0.000818 -0.000483 0.000818
11.450000 0.000804 -0.000475 0.000804
11.500000 0.000791 -0.000467 0.000791
11.550000 0.000778 -0.000460 0.000778
11.600000 0.000765 -0.000452 0.000765
11.650000 0.000752 -0.000445 0.000752
11.700000 0.000740 -0.000437 0.000740
11.750000 0.000728 -0.000430 0.000728
11.800000 0.000716 -0.000423 0.000716
11.850000 0.000704 -0.000417 0.000704
11.900000 0.000693 -0.000410 0.000693
11.950000 0.000682 -0.000403 0.000682
12.000000 0.000671 -0.000397 0.000671
12.050000 0.000660 -0.000391 0.000660
12.100000 0.000650 -0.000385 0.000650
12.150000 0.000640 -0.000379 0.000640
12.200000 0.000630 -0.000373 0.000630
12.250000 0.000620 -0.000367 0.000620
12.300000 0.000610 -0.000361 0.000610
12.350000 0.000601 -0.000356 0.000601
12.400000 0.000591 -0.000350 0.000591
12.450000 0.000582 -0.000345 0.000582
12.500000 0.000573 -0.000340 0.000573
12.550000 0.000565 -0.000334 0.000565
12.600000 0.000556 -0.000329 0.000556
12.650000 0.000547 -0.000324 0.000547
12.700000 0.000539 -0.000319 0.000539
12.750000 0.000531 -0.000315 0.000531
12.800000 0.000523 -0.000310 0.000523
12.850000 0.000515 -0.000305 0.000515
12.900000 0.000507 -0.000301 0.000507
12.950000 0.000500 -0.000296 0.000500
13.000000 0.000493 -0.000292 0.000493
13.050000 0.000485 -0.000288 0.000485
13.100000 0.000478 -0.000283 0.000478
13.150000 0.000471 -0.000279 0.000471
13.200000 0.000464 -0.000275 0.000464
13.250000 0.000457 -0.000271 0.000457
13.300000 0.000451 -0.000267 0.000451
13.350000 0.000444 -0.000264 0.000444
13.400000 0.000438 -0.000260 0.000438
13.450000 0.000432 -0.000256 0.000432
13.500000 0.000425 -0.000252 0.000425
13.550000 0.000419 -0.000249 0.000419
13.600000 0.000413 -0.000245 0.000413
13.650000 0.000408 -0.000242 0.000408
13.700000 0.000402 -0.000238 0.000402
13.750000 0.000396 -0.000235 0.000396
13.800000 0.000391 -0.000232 0.000391
13.850000 0.000385 -0.000229 0.000385
13.900000 0.000380 -0.000225 0.000380
13.950000 0.000375 -0.000222 0.000375
14.000000 0.000369 -0.000219 0.000369
14.050000 0.000364 -0.000216 0.000364
14.100000 0.000359 -0.000213 0.000359
14.150000 0.000354 -0.000210 0.000354
14.200000 0.000350 -0.000208 0.000350
14.250000 0.000345 -0.000205 0.000345
14.300000 0.000340 -0.000202 0.000340
14.350000 0.000335 -0.000199 0.000335
14.400000 0.000331 -0.000197 0.000331
14.450000 0.000327 -0.000194 0.000327
14.500000 0.000322 -0.000191 0.000322
14.550000 0.000318 -0.000189 0.000318
14.600000 0.000314 -0.000186 0.000314
14.650000 0.000309 -0.000184 0.000309
14.700000 0.000305 -0.000182 0.000305
14.750000 0.000301 -0.000179 0.000301
14.800000 0.000297 -0.000177 0.000297
14.850000 0.000294 -0.000174 0.000294
14.900000 0.000290 -0.000172 0.000290
14.950000 0.000286 -0.000170 0.000286
15.000000 0.000282 -0.000168 0.000282
