499     ! number of entries nq
0.01    ! delta q

%q, LAA, LAB, LBB

0.010000 0.499983 0.000000 0.499983
0.020000 0.499933 0.000000 0.499933
0.030000 0.499850 0.000000 0.499850
0.040000 0.499733 0.000000 0.499733
0.050000 0.499584 0.000000 0.499584
0.060000 0.499401 0.000000 0.499401
0.070000 0.499184 0.000000 0.499184
0.080000 0.498935 0.000000 0.498935
0.090000 0.498653 0.000000 0.498653
0.100000 0.498337 0.000000 0.498337
0.110000 0.497989 0.000000 0.497989
0.120000 0.497609 0.000000 0.497609
0.130000 0.497195 0.000000 0.497195
0.140000 0.496749 0.000000 0.496749
0.150000 0.496271 0.000000 0.496271
0.160000 0.495761 0.000000 0.495761
0.170000 0.495218 0.000000 0.495218
0.180000 0.494643 0.000000 0.494643
0.190000 0.494037 0.000000 0.494037
0.200000 0.493399 0.000000 0.493399
0.210000 0.492730 0.000000 0.492730
0.220000 0.492030 0.000000 0.492030
0.230000 0.491299 0.000000 0.491299
0.240000 0.490537 0.000000 0.490537
0.250000 0.489744 0.000000 0.489744
0.260000 0.488921 0.000000 0.488921
0.270000 0.488068 0.000000 0.488068
0.280000 0.487185 0.000000 0.487185
0.290000 0.486273 0.000000 0.486273
0.300000 0.485332 0.000000 0.485332
0.310000 0.484361 0.000000 0.484361
0.320000 0.483361 0.000000 0.483361
0.330000 0.482334 0.000000 0.482334
0.340000 0.481278 0.000000 0.481278
0.350000 0.480194 0.000000 0.480194
0.360000 0.479082 0.000000 0.479082
0.370000 0.477943 0.000000 0.477943
0.380000 0.476778 0.000000 0.476778
0.390000 0.475585 0.000000 0.475585
0.400000 0.474367 0.000000 0.474367
0.410000 0.473122 0.000000 0.473122
0.420000 0.471852 0.000000 0.471852
0.430000 0.470557 0.000000 0.470557
0.440000 0.469236 0.000000 0.469236
0.450000 0.467892 0.000000 0.467892
0.460000 0.466523 0.000000 0.466523
0.470000 0.465130 0.000000 0.465130
0.480000 0.463714 0.000000 0.463714
0.490000 0.462274 0.000000 0.462274
0.500000 0.460813 0.000000 0.460813
0.510000 0.459328 0.000000 0.459328
0.520000 0.457822 0.000000 0.457822
0.530000 0.456295 0.000000 0.456295
0.540000 0.454746 0.000000 0.454746
0.550000 0.453177 0.000000 0.453177
0.560000 0.451587 0.000000 0.451587
0.570000 0.449977 0.000000 0.449977
0.580000 0.448348 0.000000 0.448348
0.590000 0.446700 0.000000 0.446700
0.600000 0.445033 0.000000 0.445033
0.610000 0.443348 0.000000 0.443348
0.620000 0.441646 0.000000 0.441646
0.630000 0.439925 0.000000 0.439925
0.640000 0.438188 0.000000 0.438188
0.650000 0.436434 0.000000 0.436434
0.660000 0.434664 0.000000 0.434664
0.670000 0.432879 0.000000 0.432879
0.680000 0.431078 0.000000 0.431078
0.690000 0.429262 0.000000 0.429262
0.700000 0.427432 0.000000 0.427432
0.710000 0.425588 0.000000 0.425588
0.720000 0.423730 0.000000 0.423730
0.730000 0.421859 0.000000 0.421859
0.740000 0.419975 0.000000 0.419975
0.750000 0.418079 0.000000 0.418079
0.760000 0.416171 0.000000 0.416171
0.770000 0.414252 0.000000 0.414252
0.780000 0.412321 0.000000 0.412321
0.790000 0.410380 0.000000 0.410380
0.800000 0.408429 0.000000 0.408429
0.810000 0.406468 0.000000 0.406468
0.820000 0.404497 0.000000 0.404497
0.830000 0.402518 0.000000 0.402518
0.840000 0.400530 0.000000 0.400530
0.850000 0.398533 0.000000 0.398533
0.860000 0.396529 0.000000 0.396529
0.870000 0.394518 0.000000 0.394518
0.880000 0.392500 0.000000 0.392500
0.890000 0.390475 0.000000 0.390475
0.900000 0.388444 0.000000 0.388444
0.910000 0.386407 0.000000 0.386407
0.920000 0.384365 0.000000 0.384365
0.930000 0.382318 0.000000 0.382318
0.940000 0.380266 0.000000 0.380266
0.950000 0.378210 0.000000 0.378210
0.960000 0.376150 0.000000 0.376150
0.970000 0.374087 0.000000 0.374087
0.980000 0.372020 0.000000 0.372020
0.990000 0.369951 0.000000 0.369951
1.000000 0.367879 0.000000 0.367879
1.010000 0.365806 0.000000 0.365806
1.020000 0.363730 0.000000 0.363730
1.030000 0.361653 0.000000 0.361653
1.040000 0.359576 0.000000 0.359576
1.050000 0.357497 0.000000 0.357497
1.060000 0.355418 0.000000 0.355418
1.070000 0.353339 0.000000 0.353339
1.080000 0.351261 0.000000 0.351261
1.090000 0.349183 0.000000 0.349183
1.100000 0.347106 0.000000 0.347106
1.110000 0.345030 0.000000 0.345030
1.120000 0.342955 0.000000 0.342955
1.130000 0.340883 0.000000 0.340883
1.140000 0.338813 0.000000 0.338813
1.150000 0.336745 0.000000 0.336745
1.160000 0.334679 0.000000 0.334679
1.170000 0.332617 0.000000 0.332617
1.180000 0.330558 0.000000 0.330558
1.190000 0.328502 0.000000 0.328502
1.200000 0.326451 0.000000 0.326451
1.210000 0.324403 0.000000 0.324403
1.220000 0.322359 0.000000 0.322359
1.230000 0.320320 0.000000 0.320320
1.240000 0.318286 0.000000 0.318286
1.250000 0.316257 0.000000 0.316257
1.260000 0.314233 0.000000 0.314233
1.270000 0.312214 0.000000 0.312214
1.280000 0.310201 0.000000 0.310201
1.290000 0.308194 0.000000 0.308194
1.300000 0.306194 0.000000 0.306194
1.310000 0.304199 0.000000 0.304199
1.320000 0.302211 0.000000 0.302211
1.330000 0.300230 0.000000 0.300230
1.340000 0.298255 0.000000 0.298255
1.350000 0.296288 0.000000 0.296288
1.360000 0.294327 0.000000 0.294327
1.370000 0.292375 0.000000 0.292375
1.380000 0.290429 0.000000 0.290429
1.390000 0.288492 0.000000 0.288492
1.400000 0.286562 0.000000 0.286562
1.410000 0.284641 0.000000 0.284641
1.420000 0.282728 0.000000 0.282728
1.430000 0.280823 0.000000 0.280823
1.440000 0.278926 0.000000 0.278926
1.450000 0.277039 0.000000 0.277039
1.460000 0.275159 0.000000 0.275159
1.470000 0.273289 0.000000 0.273289
1.480000 0.271428 0.000000 0.271428
1.490000 0.269576 0.000000 0.269576
1.500000 0.267733 0.000000 0.267733
1.510000 0.265900 0.000000 0.265900
1.520000 0.264076 0.000000 0.264076
1.530000 0.262261 0.000000 0.262261
1.540000 0.260456 0.000000 0.260456
1.550000 0.258661 0.000000 0.258661
1.560000 0.256875 0.000000 0.256875
1.570000 0.255100 0.000000 0.255100
1.580000 0.253334 0.000000 0.253334
1.590000 0.251578 0.000000 0.251578
1.600000 0.249833 0.000000 0.249833
1.610000 0.248097 0.000000 0.248097
1.620000 0.246372 0.000000 0.246372
1.630000 0.244657 0.000000 0.244657
1.640000 0.242953 0.000000 0.242953
1.650000 0.241259 0.000000 0.241259
1.660000 0.239575 0.000000 0.239575
1.670000 0.237901 0.000000 0.237901
1.680000 0.236239 0.000000 0.236239
1.690000 0.234586 0.000000 0.234586
1.700000 0.232945 0.000000 0.232945
1.710000 0.231313 0.000000 0.231313
1.720000 0.229693 0.000000 0.229693
1.730000 0.228083 0.000000 0.228083
1.740000 0.226484 0.000000 0.226484
1.750000 0.224895 0.000000 0.224895
1.760000 0.223317 0.000000 0.223317
1.770000 0.221750 0.000000 0.221750
1.780000 0.220194 0.000000 0.220194
1.790000 0.218648 0.000000 0.218648
1.800000 0.217113 0.000000 0.217113
1.810000 0.215589 0.000000 0.215589
1.820000 0.214075 0.000000 0.214075
1.830000 0.212572 0.000000 0.212572
1.840000 0.211080 0.000000 0.211080
1.850000 0.209598 0.000000 0.209598
1.860000 0.208127 0.000000 0.208127
1.870000 0.206667 0.000000 0.206667
1.880000 0.205218 0.000000 0.205218
1.890000 0.203779 0.000000 0.203779
1.900000 0.202350 0.000000 0.202350
1.910000 0.200933 0.000000 0.200933
1.920000 0.199526 0.000000 0.199526
1.930000 0.198129 0.000000 0.198129
1.940000 0.196743 0.000000 0.196743
1.950000 0.195367 0.000000 0.195367
1.960000 0.194002 0.000000 0.194002
1.970000 0.192647 0.000000 0.192647
1.980000 0.191303 0.000000 0.191303
1.990000 0.189969 0.000000 0.189969
2.000000 0.188645 0.000000 0.188645
2.010000 0.187331 0.000000 0.187331
2.020000 0.186028 0.000000 0.186028
2.030000 0.184735 0.000000 0.184735
2.040000 0.183452 0.000000 0.183452
2.050000 0.182179 0.000000 0.182179
2.060000 0.180916 0.000000 0.180916
2.070000 0.179663 0.000000 0.179663
2.080000 0.178420 0.000000 0.178420
2.090000 0.177187 0.000000 0.177187
2.100000 0.175963 0.000000 0.175963
2.110000 0.174750 0.000000 0.174750
2.120000 0.173546 0.000000 0.173546
2.130000 0.172352 0.000000 0.172352
2.140000 0.171168 0.000000 0.171168
2.150000 0.169993 0.000000 0.169993
2.160000 0.168828 0.000000 0.168828
2.170000 0.167672 0.000000 0.167672
2.180000 0.166526 0.000000 0.166526
2.190000 0.165389 0.000000 0.165389
2.200000 0.164261 0.000000 0.164261
2.210000 0.163142 0.000000 0.163142
2.220000 0.162033 0.000000 0.162033
2.230000 0.160933 0.000000 0.160933
2.240000 0.159842 0.000000 0.159842
2.250000 0.158759 0.000000 0.158759
2.260000 0.157686 0.000000 0.157686
2.270000 0.156622 0.000000 0.156622
2.280000 0.155566 0.000000 0.155566
2.290000 0.154520 0.000000 0.154520
2.300000 0.153482 0.000000 0.153482
2.310000 0.152452 0.000000 0.152452
2.320000 0.151431 0.000000 0.151431
2.330000 0.150419 0.000000 0.150419
2.340000 0.149415 0.000000 0.149415
2.350000 0.148419 0.000000 0.148419
2.360000 0.147432 0.000000 0.147432
2.370000 0.146453 0.000000 0.146453
2.380000 0.145482 0.000000 0.145482
2.390000 0.144520 0.000000 0.144520
2.400000 0.143565 0.000000 0.143565
2.410000 0.142619 0.000000 0.142619
2.420000 0.141680 0.000000 0.141680
2.430000 0.140749 0.000000 0.140749
2.440000 0.139826 0.000000 0.139826
2.450000 0.138911 0.000000 0.138911
2.460000 0.138004 0.000000 0.138004
2.470000 0.137104 0.000000 0.137104
2.480000 0.136212 0.000000 0.136212
2.490000 0.135327 0.000000 0.135327
2.500000 0.134449 0.000000 0.134449
2.510000 0.133579 0.000000 0.133579
2.520000 0.132717 0.000000 0.132717
2.530000 0.131861 0.000000 0.131861
2.540000 0.131013 0.000000 0.131013
2.550000 0.130172 0.000000 0.130172
2.560000 0.129338 0.000000 0.129338
2.570000 0.128511 0.000000 0.128511
2.580000 0.127691 0.000000 0.127691
2.590000 0.126878 0.000000 0.126878
2.600000 0.126071 0.000000 0.126071
2.610000 0.125272 0.000000 0.125272
2.620000 0.124479 0.000000 0.124479
2.630000 0.123693 0.000000 0.123693
2.640000 0.122913 0.000000 0.122913
2.650000 0.122140 0.000000 0.122140
2.660000 0.121373 0.000000 0.121373
2.670000 0.120613 0.000000 0.120613
2.680000 0.119859 0.000000 0.119859
2.690000 0.119112 0.000000 0.119112
2.700000 0.118370 0.000000 0.118370
2.710000 0.117635 0.000000 0.117635
2.720000 0.116906 0.000000 0.116906
2.730000 0.116183 0.000000 0.116183
2.740000 0.115466 0.000000 0.115466
2.750000 0.114755 0.000000 0.114755
2.760000 0.114050 0.000000 0.114050
2.770000 0.113351 0.000000 0.113351
2.780000 0.112658 0.000000 0.112658
2.790000 0.111970 0.000000 0.111970
2.800000 0.111288 0.000000 0.111288
2.810000 0.110612 0.000000 0.110612
2.820000 0.109941 0.000000 0.109941
2.830000 0.109276 0.000000 0.109276
2.840000 0.108616 0.000000 0.108616
2.850000 0.107962 0.000000 0.107962
2.860000 0.107313 0.000000 0.107313
2.870000 0.106670 0.000000 0.106670
2.880000 0.106031 0.000000 0.106031
2.890000 0.105398 0.000000 0.105398
2.900000 0.104771 0.000000 0.104771
2.910000 0.104148 0.000000 0.104148
2.920000 0.103530 0.000000 0.103530
2.930000 0.102918 0.000000 0.102918
2.940000 0.102310 0.000000 0.102310
2.950000 0.101708 0.000000 0.101708
2.960000 0.101110 0.000000 0.101110
2.970000 0.100517 0.000000 0.100517
2.980000 0.099929 0.000000 0.099929
2.990000 0.099346 0.000000 0.099346
3.000000 0.098767 0.000000 0.098767
3.010000 0.098193 0.000000 0.098193
3.020000 0.097624 0.000000 0.097624
3.030000 0.097059 0.000000 0.097059
3.040000 0.096499 0.000000 0.096499
3.050000 0.095943 0.000000 0.095943
3.060000 0.095392 0.000000 0.095392
3.070000 0.094845 0.000000 0.094845
3.080000 0.094303 0.000000 0.094303
3.090000 0.093765 0.000000 0.093765
3.100000 0.093231 0.000000 0.093231
3.110000 0.092701 0.000000 0.092701
3.120000 0.092176 0.000000 0.092176
3.130000 0.091655 0.000000 0.091655
3.140000 0.091138 0.000000 0.091138
3.150000 0.090625 0.000000 0.090625
3.160000 0.090116 0.000000 0.090116
3.170000 0.089611 0.000000 0.089611
3.180000 0.089110 0.000000 0.089110
3.190000 0.088613 0.000000 0.088613
3.200000 0.088120 0.000000 0.088120
3.210000 0.087631 0.000000 0.087631
3.220000 0.087145 0.000000 0.087145
3.230000 0.086664 0.000000 0.086664
3.240000 0.086186 0.000000 0.086186
3.250000 0.085712 0.000000 0.085712
3.260000 0.085241 0.000000 0.085241
3.270000 0.084774 0.000000 0.084774
3.280000 0.084311 0.000000 0.084311
3.290000 0.083851 0.000000 0.083851
3.300000 0.083395 0.000000 0.083395
3.310000 0.082943 0.000000 0.082943
3.320000 0.082494 0.000000 0.082494
3.330000 0.082048 0.000000 0.082048
3.340000 0.081606 0.000000 0.081606
3.350000 0.081167 0.000000 0.081167
3.360000 0.080731 0.000000 0.080731
3.370000 0.080299 0.000000 0.080299
3.380000 0.079870 0.000000 0.079870
3.390000 0.079445 0.000000 0.079445
3.400000 0.079022 0.000000 0.079022
3.410000 0.078603 0.000000 0.078603
3.420000 0.078187 0.000000 0.078187
3.430000 0.077774 0.000000 0.077774
3.440000 0.077364 0.000000 0.077364
3.450000 0.076957 0.000000 0.076957
3.460000 0.076554 0.000000 0.076554
3.470000 0.076153 0.000000 0.076153
3.480000 0.075755 0.000000 0.075755
3.490000 0.075361 0.000000 0.075361
3.500000 0.074969 0.000000 0.074969
3.510000 0.074580 0.000000 0.074580
3.520000 0.074194 0.000000 0.074194
3.530000 0.073811 0.000000 0.073811
3.540000 0.073431 0.000000 0.073431
3.550000 0.073053 0.000000 0.073053
3.560000 0.072678 0.000000 0.072678
3.570000 0.072306 0.000000 0.072306
3.580000 0.071937 0.000000 0.071937
3.590000 0.071571 0.000000 0.071571
3.600000 0.071207 0.000000 0.071207
3.610000 0.070846 0.000000 0.070846
3.620000 0.070487 0.000000 0.070487
3.630000 0.070131 0.000000 0.070131
3.640000 0.069778 0.000000 0.069778
3.650000 0.069427 0.000000 0.069427
3.660000 0.069079 0.000000 0.069079
3.670000 0.068733 0.000000 0.068733
3.680000 0.068389 0.000000 0.068389
3.690000 0.068049 0.000000 0.068049
3.700000 0.067710 0.000000 0.067710
3.710000 0.067374 0.000000 0.067374
3.720000 0.067041 0.000000 0.067041
3.730000 0.066710 0.000000 0.066710
3.740000 0.066381 0.000000 0.066381
3.750000 0.066054 0.000000 0.066054
3.760000 0.065730 0.000000 0.065730
3.770000 0.065408 0.000000 0.065408
3.780000 0.065089 0.000000 0.065089
3.790000 0.064771 0.000000 0.064771
3.800000 0.064456 0.000000 0.064456
3.810000 0.064143 0.000000 0.064143
3.820000 0.063833 0.000000 0.063833
3.830000 0.063524 0.000000 0.063524
3.840000 0.063218 0.000000 0.063218
3.850000 0.062913 0.000000 0.062913
3.860000 0.062611 0.000000 0.062611
3.870000 0.062311 0.000000 0.062311
3.880000 0.062013 0.000000 0.062013
3.890000 0.061717 0.000000 0.061717
3.900000 0.061424 0.000000 0.061424
3.910000 0.061132 0.000000 0.061132
3.920000 0.060842 0.000000 0.060842
3.930000 0.060554 0.000000 0.060554
3.940000 0.060268 0.000000 0.060268
3.950000 0.059984 0.000000 0.059984
3.960000 0.059703 0.000000 0.059703
3.970000 0.059422 0.000000 0.059422
3.980000 0.059144 0.000000 0.059144
3.990000 0.058868 0.000000 0.058868
4.000000 0.058594 0.000000 0.058594
4.010000 0.058321 0.000000 0.058321
4.020000 0.058051 0.000000 0.058051
4.030000 0.057782 0.000000 0.057782
4.040000 0.057515 0.000000 0.057515
4.050000 0.057249 0.000000 0.057249
4.060000 0.056986 0.000000 0.056986
4.070000 0.056724 0.000000 0.056724
4.080000 0.056464 0.000000 0.056464
4.090000 0.056206 0.000000 0.056206
4.100000 0.055950 0.000000 0.055950
4.110000 0.055695 0.000000 0.055695
4.120000 0.055442 0.000000 0.055442
4.130000 0.055190 0.000000 0.055190
4.140000 0.054940 0.000000 0.054940
4.150000 0.054692 0.000000 0.054692
4.160000 0.054446 0.000000 0.054446
4.170000 0.054201 0.000000 0.054201
4.180000 0.053957 0.000000 0.053957
4.190000 0.053716 0.000000 0.053716
4.200000 0.053476 0.000000 0.053476
4.210000 0.053237 0.000000 0.053237
4.220000 0.053000 0.000000 0.053000
4.230000 0.052765 0.000000 0.052765
4.240000 0.052531 0.000000 0.052531
4.250000 0.052298 0.000000 0.052298
4.260000 0.052067 0.000000 0.052067
4.270000 0.051838 0.000000 0.051838
4.280000 0.051610 0.000000 0.051610
4.290000 0.051383 0.000000 0.051383
4.300000 0.051158 0.000000 0.051158
4.310000 0.050935 0.000000 0.050935
4.320000 0.050712 0.000000 0.050712
4.330000 0.050492 0.000000 0.050492
4.340000 0.050272 0.000000 0.050272
4.350000 0.050054 0.000000 0.050054
4.360000 0.049838 0.000000 0.049838
4.370000 0.049622 0.000000 0.049622
4.380000 0.049409 0.000000 0.049409
4.390000 0.049196 0.000000 0.049196
4.400000 0.048985 0.000000 0.048985
4.410000 0.048775 0.000000 0.048775
4.420000 0.048566 0.000000 0.048566
4.430000 0.048359 0.000000 0.048359
4.440000 0.048153 0.000000 0.048153
4.450000 0.047949 0.000000 0.047949
4.460000 0.047745 0.000000 0.047745
4.470000 0.047543 0.000000 0.047543
4.480000 0.047342 0.000000 0.047342
4.490000 0.047142 0.000000 0.047142
4.500000 0.046944 0.000000 0.046944
4.510000 0.046747 0.000000 0.046747
4.520000 0.046551 0.000000 0.046551
4.530000 0.046356 0.000000 0.046356
4.540000 0.046163 0.000000 0.046163
4.550000 0.045970 0.000000 0.045970
4.560000 0.045779 0.000000 0.045779
4.570000 0.045589 0.000000 0.045589
4.580000 0.045400 0.000000 0.045400
4.590000 0.045212 0.000000 0.045212
4.600000 0.045026 0.000000 0.045026
4.610000 0.044840 0.000000 0.044840
4.620000 0.044656 0.000000 0.044656
4.630000 0.044472 0.000000 0.044472
4.640000 0.044290 0.000000 0.044290
4.650000 0.044109 0.000000 0.044109
4.660000 0.043929 0.000000 0.043929
4.670000 0.043750 0.000000 0.043750
4.680000 0.043573 0.000000 0.043573
4.690000 0.043396 0.000000 0.043396
4.700000 0.043220 0.000000 0.043220
4.710000 0.043045 0.000000 0.043045
4.720000 0.042872 0.000000 0.042872
4.730000 0.042699 0.000000 0.042699
4.740000 0.042528 0.000000 0.042528
4.750000 0.042357 0.000000 0.042357
4.760000 0.042187 0.000000 0.042187
4.770000 0.042019 0.000000 0.042019
4.780000 0.041851 0.000000 0.041851
4.790000 0.041685 0.000000 0.041685
4.800000 0.041519 0.000000 0.041519
4.810000 0.041354 0.000000 0.041354
4.820000 0.041191 0.000000 0.041191
4.830000 0.041028 0.000000 0.041028
4.840000 0.040866 0.000000 0.040866
4.850000 0.040705 0.000000 0.040705
4.860000 0.040545 0.000000 0.040545
4.870000 0.040386 0.000000 0.040386
4.880000 0.040228 0.000000 0.040228
4.890000 0.040071 0.000000 0.040071
4.900000 0.039915 0.000000 0.039915
4.910000 0.039759 0.000000 0.039759
4.920000 0.039605 0.000000 0.039605
4.930000 0.039451 0.000000 0.039451
4.940000 0.039298 0.000000 0.039298
4.950000 0.039147 0.000000 0.039147
4.960000 0.038996 0.000000 0.038996
4.970000 0.038845 0.000000 0.038845
4.980000 0.038696 0.000000 0.038696
4.990000 0.038548 0.000000 0.038548
