300
0.05

%qRg, LAA, LAB, LBB

0.050000 0.998751 0.000000 0.998751
0.100000 0.995016 0.000000 0.995016
0.150000 0.988831 0.000000 0.988831
0.200000 0.980255 0.000000 0.980255
0.250000 0.969370 0.000000 0.969370
0.300000 0.956276 0.000000 0.956276
0.350000 0.941096 0.000000 0.941096
0.400000 0.923966 0.000000 0.923966
0.450000 0.905039 0.000000 0.905039
0.500000 0.884477 0.000000 0.884477
0.550000 0.862455 0.000000 0.862455
0.600000 0.839149 0.000000 0.839149
0.650000 0.814745 0.000000 0.814745
0.700000 0.789426 0.000000 0.789426
0.750000 0.763374 0.000000 0.763374
0.800000 0.736768 0.000000 0.736768
0.850000 0.709781 0.000000 0.709781
0.900000 0.682579 0.000000 0.682579
0.950000 0.655317 0.000000 0.655317
1.000000 0.628140 0.000000 0.628140
1.050000 0.601183 0.000000 0.601183
1.100000 0.574567 0.000000 0.574567
1.150000 0.548399 0.000000 0.548399
1.200000 0.522776 0.000000 0.522776
1.250000 0.497780 0.000000 0.497780
1.300000 0.473480 0.000000 0.473480
1.350000 0.449933 0.000000 0.449933
1.400000 0.427186 0.000000 0.427186
1.450000 0.405273 0.000000 0.405273
1.500000 0.384219 0.000000 0.384219
1.550000 0.364038 0.000000 0.364038
1.600000 0.344738 0.000000 0.344738
1.650000 0.326317 0.000000 0.326317
1.700000 0.308769 0.000000 0.308769
1.750000 0.292081 0.000000 0.292081
1.800000 0.276236 0.000000 0.276236
1.850000 0.261210 0.000000 0.261210
1.900000 0.246981 0.000000 0.246981
1.950000 0.233521 0.000000 0.233521
2.000000 0.220800 0.000000 0.220800
2.050000 0.208789 0.000000 0.208789
2.100000 0.197455 0.000000 0.197455
2.150000 0.186768 0.000000 0.186768
2.200000 0.176696 0.000000 0.176696
2.250000 0.167207 0.000000 0.167207
2.300000 0.158270 0.000000 0.158270
2.350000 0.149856 0.000000 0.149856
2.400000 0.141935 0.000000 0.141935
2.450000 0.134479 0.000000 0.134479
2.500000 0.127461 0.000000 0.127461
2.550000 0.120854 0.000000 0.120854
2.600000 0.114635 0.000000 0.114635
2.650000 0.108780 0.000000 0.108780
2.700000 0.103267 0.000000 0.103267
2.750000 0.098073 0.000000 0.098073
2.800000 0.093181 0.000000 0.093181
2.850000 0.088571 0.000000 0.088571
2.900000 0.084225 0.000000 0.084225
2.950000 0.080127 0.000000 0.080127
3.000000 0.076261 0.000000 0.076261
3.050000 0.072613 0.000000 0.072613
3.100000 0.069170 0.000000 0.069170
3.150000 0.065919 0.000000 0.065919
3.200000 0.062847 0.000000 0.062847
3.250000 0.059944 0.000000 0.059944
3.300000 0.057199 0.000000 0.057199
3.350000 0.054603 0.000000 0.054603
3.400000 0.052146 0.000000 0.052146
3.450000 0.049820 0.000000 0.049820
3.500000 0.047618 0.000000 0.047618
3.550000 0.045531 0.000000 0.045531
3.600000 0.043553 0.000000 0.043553
3.650000 0.041677 0.000000 0.041677
3.700000 0.039898 0.000000 0.039898
3.750000 0.038209 0.000000 0.038209
3.800000 0.036606 0.000000 0.036606
3.850000 0.035083 0.000000 0.035083
3.900000 0.033636 0.000000 0.033636
3.950000 0.032260 0.000000 0.032260
4.000000 0.030952 0.000000 0.030952
4.050000 0.029707 0.000000 0.029707
4.100000 0.028523 0.000000 0.028523
4.150000 0.027395 0.000000 0.027395
4.200000 0.026321 0.000000 0.026321
4.250000 0.025297 0.000000 0.025297
4.300000 0.024321 0.000000 0.024321
4.350000 0.023391 0.000000 0.023391
4.400000 0.022503 0.000000 0.022503
4.450000 0.021656 0.000000 0.021656
4.500000 0.020848 0.000000 0.020848
4.550000 0.020076 0.000000 0.020076
4.600000 0.019338 0.000000 0.019338
4.650000 0.018633 0.000000 0.018633
4.700000 0.017959 0.000000 0.017959
4.750000 0.017315 0.000000 0.017315
4.800000 0.016698 0.000000 0.016698
4.850000 0.016109 0.000000 0.016109
4.900000 0.015544 0.000000 0.015544
4.950000 0.015003 0.000000 0.015003
5.000000 0.014485 0.000000 0.014485
5.050000 0.013989 0.000000 0.013989
5.100000 0.013513 0.000000 0.013513
5.150000 0.013057 0.000000 0.013057
5.200000 0.012620 0.000000 0.012620
5.250000 0.012200 0.000000 0.012200
5.300000 0.011798 0.000000 0.011798
5.350000 0.011411 0.000000 0.011411
5.400000 0.011040 0.000000 0.011040
5.450000 0.010684 0.000000 0.010684
5.500000 0.010341 0.000000 0.010341
5.550000 0.010012 0.000000 0.010012
5.600000 0.009696 0.000000 0.009696
5.650000 0.009391 0.000000 0.009391
5.700000 0.009099 0.000000 0.009099
5.750000 0.008817 0.000000 0.008817
5.800000 0.008547 0.000000 0.008547
5.850000 0.008286 0.000000 0.008286
5.900000 0.008035 0.000000 0.008035
5.950000 0.007793 0.000000 0.007793
6.000000 0.007560 0.000000 0.007560
6.050000 0.007336 0.000000 0.007336
6.100000 0.007119 0.000000 0.007119
6.150000 0.006911 0.000000 0.006911
6.200000 0.006710 0.000000 0.006710
6.250000 0.006516 0.000000 0.006516
6.300000 0.006329 0.000000 0.006329
6.350000 0.006148 0.000000 0.006148
6.400000 0.005974 0.000000 0.005974
6.450000 0.005806 0.000000 0.005806
6.500000 0.005644 0.000000 0.005644
6.550000 0.005487 0.000000 0.005487
6.600000 0.005335 0.000000 0.005335
6.650000 0.005189 0.000000 0.005189
6.700000 0.005047 0.000000 0.005047
6.750000 0.004911 0.000000 0.004911
6.800000 0.004778 0.000000 0.004778
6.850000 0.004651 0.000000 0.004651
6.900000 0.004527 0.000000 0.004527
6.950000 0.004407 0.000000 0.004407
7.000000 0.004292 0.000000 0.004292
7.050000 0.004179 0.000000 0.004179
7.100000 0.004071 0.000000 0.004071
7.150000 0.003966 0.000000 0.003966
7.200000 0.003864 0.000000 0.003864
7.250000 0.003766 0.000000 0.003766
7.300000 0.003670 0.000000 0.003670
7.350000 0.003578 0.000000 0.003578
7.400000 0.003488 0.000000 0.003488
7.450000 0.003402 0.000000 0.003402
7.500000 0.003317 0.000000 0.003317
7.550000 0.003236 0.000000 0.003236
7.600000 0.003157 0.000000 0.003157
7.650000 0.003080 0.000000 0.003080
7.700000 0.003005 0.000000 0.003005
7.750000 0.002933 0.000000 0.002933
7.800000 0.002863 0.000000 0.002863
7.850000 0.002795 0.000000 0.002795
7.900000 0.002729 0.000000 0.002729
7.950000 0.002665 0.000000 0.002665
8.000000 0.002602 0.000000 0.002602
8.050000 0.002542 0.000000 0.002542
8.100000 0.002483 0.000000 0.002483
8.150000 0.002426 0.000000 0.002426
8.200000 0.002370 0.000000 0.002370
8.250000 0.002317 0.000000 0.002317
8.300000 0.002264 0.000000 0.002264
8.350000 0.002213 0.000000 0.002213
8.400000 0.002164 0.000000 0.002164
8.450000 0.002115 0.000000 0.002115
8.500000 0.002069 0.000000 0.002069
8.550000 0.002023 0.000000 0.002023
8.600000 0.001979 0.000000 0.001979
8.650000 0.001935 0.000000 0.001935
8.700000 0.001893 0.000000 0.001893
8.750000 0.001853 0.000000 0.001853
8.800000 0.001813 0.000000 0.001813
8.850000 0.001774 0.000000 0.001774
8.900000 0.001736 0.000000 0.001736
8.950000 0.001700 0.000000 0.001700
9.000000 0.001664 0.000000 0.001664
9.050000 0.001629 0.000000 0.001629
9.100000 0.001595 0.000000 0.001595
9.150000 0.001562 0.000000 0.001562
9.200000 0.001530 0.000000 0.001530
9.250000 0.001498 0.000000 0.001498
9.300000 0.001468 0.000000 0.001468
9.350000 0.001438 0.000000 0.001438
9.400000 0.001409 0.000000 0.001409
9.450000 0.001381 0.000000 0.001381
9.500000 0.001353 0.000000 0.001353
9.550000 0.001326 0.000000 0.001326
9.600000 0.001300 0.000000 0.001300
9.650000 0.001274 0.000000 0.001274
9.700000 0.001249 0.000000 0.001249
9.750000 0.001224 0.000000 0.001224
9.800000 0.001201 0.000000 0.001201
9.850000 0.001177 0.000000 0.001177
9.900000 0.001155 0.000000 0.001155
9.950000 0.001132 0.000000 0.001132
10.000000 0.001111 0.000000 0.001111
10.050000 0.001090 0.000000 0.001090
10.100000 0.001069 0.000000 0.001069
10.150000 0.001049 0.000000 0.001049
10.200000 0.001029 0.000000 0.001029
10.250000 0.001010 0.000000 0.001010
10.300000 0.000991 0.000000 0.000991
10.350000 0.000973 0.000000 0.000973
10.400000 0.000955 0.000000 0.000955
10.450000 0.000937 0.000000 0.000937
10.500000 0.000920 0.000000 0.000920
10.550000 0.000903 0.000000 0.000903
10.600000 0.000887 0.000000 0.000887
10.650000 0.000871 0.000000 0.000871
10.700000 0.000855 0.000000 0.000855
10.750000 0.000840 0.000000 0.000840
10.800000 0.000825 0.000000 0.000825
10.850000 0.000811 0.000000 0.000811
10.900000 0.000796 0.000000 0.000796
10.950000 0.000782 0.000000 0.000782
11.000000 0.000769 0.000000 0.000769
11.050000 0.000755 0.000000 0.000755
11.100000 0.000742 0.000000 0.000742
11.150000 0.000729 0.000000 0.000729
11.200000 0.000717 0.000000 0.000717
11.250000 0.000704 0.000000 0.000704
11.300000 0.000692 0.000000 0.000692
11.350000 0.000681 0.000000 0.000681
11.400000 0.000669 0.000000 0.000669
11.450000 0.000658 0.000000 0.000658
11.500000 0.000647 0.000000 0.000647
11.550000 0.000636 0.000000 0.000636
11.600000 0.000625 0.000000 0.000625
11.650000 0.000615 0.000000 0.000615
11.700000 0.000605 0.000000 0.000605
11.750000 0.000595 0.000000 0.000595
11.800000 0.000585 0.000000 0.000585
11.850000 0.000576 0.000000 0.000576
11.900000 0.000566 0.000000 0.000566
11.950000 0.000557 0.000000 0.000557
12.000000 0.000548 0.000000 0.000548
12.050000 0.000539 0.000000 0.000539
12.100000 0.000531 0.000000 0.000531
12.150000 0.000522 0.000000 0.000522
12.200000 0.000514 0.000000 0.000514
12.250000 0.000506 0.000000 0.000506
12.300000 0.000498 0.000000 0.000498
12.350000 0.000490 0.000000 0.000490
12.400000 0.000482 0.000000 0.000482
12.450000 0.000475 0.000000 0.000475
12.500000 0.000468 0.000000 0.000468
12.550000 0.000460 0.000000 0.000460
12.600000 0.000453 0.000000 0.000453
12.650000 0.000446 0.000000 0.000446
12.700000 0.000439 0.000000 0.000439
12.750000 0.000433 0.000000 0.000433
12.800000 0.000426 0.000000 0.000426
12.850000 0.000420 0.000000 0.000420
12.900000 0.000413 0.000000 0.000413
12.950000 0.000407 0.000000 0.000407
13.000000 0.000401 0.000000 0.000401
13.050000 0.000395 0.000000 0.000395
13.100000 0.000389 0.000000 0.000389
13.150000 0.000384 0.000000 0.000384
13.200000 0.000378 0.000000 0.000378
13.250000 0.000372 0.000000 0.000372
13.300000 0.000367 0.000000 0.000367
13.350000 0.000362 0.000000 0.000362
13.400000 0.000356 0.000000 0.000356
13.450000 0.000351 0.000000 0.000351
13.500000 0.000346 0.000000 0.000346
13.550000 0.000341 0.000000 0.000341
13.600000 0.000336 0.000000 0.000336
13.650000 0.000331 0.000000 0.000331
13.700000 0.000327 0.000000 0.000327
13.750000 0.000322 0.000000 0.000322
13.800000 0.000318 0.000000 0.000318
13.850000 0.000313 0.000000 0.000313
13.900000 0.000309 0.000000 0.000309
13.950000 0.000304 0.000000 0.000304
14.000000 0.000300 0.000000 0.000300
14.050000 0.000296 0.000000 0.000296
14.100000 0.000292 0.000000 0.000292
14.150000 0.000288 0.000000 0.000288
14.200000 0.000284 0.000000 0.000284
14.250000 0.000280 0.000000 0.000280
14.300000 0.000276 0.000000 0.000276
14.350000 0.000272 0.000000 0.000272
14.400000 0.000269 0.000000 0.000269
14.450000 0.000265 0.000000 0.000265
14.500000 0.000261 0.000000 0.000261
14.550000 0.000258 0.000000 0.000258
14.600000 0.000255 0.000000 0.000255
14.650000 0.000251 0.000000 0.000251
14.700000 0.000248 0.000000 0.000248
14.750000 0.000245 0.000000 0.000245
14.800000 0.000241 0.000000 0.000241
14.850000 0.000238 0.000000 0.000238
14.900000 0.000235 0.000000 0.000235
14.950000 0.000232 0.000000 0.000232
15.000000 0.000229 0.000000 0.000229
